3 0.352296 0.164545 0.115510 0.039373
3 0.405663 0.121228 0.113776 0.039396
3 0.295408 0.398791 0.089184 0.061699
3 0.335668 0.512984 0.232765 0.114200
3 0.685709 0.263619 0.141765 0.053787
3 0.676959 0.327934 0.166265 0.059051
3 0.693587 0.421764 0.192520 0.091867
3 0.680459 0.532659 0.250286 0.124675
3 0.641959 0.724250 0.278286 0.234897
3 0.612199 0.927016 0.369296 0.136480
3 0.191265 0.783967 0.353551 0.233596
3 0.081883 0.602865 0.152276 0.118110
3 0.154520 0.457184 0.213531 0.099709
3 0.201776 0.341710 0.140020 0.078738
3 0.061755 0.289220 0.119020 0.044621
3 0.280536 0.217682 0.171520 0.061653
3 0.480051 0.208520 0.164592 0.085287
