3 0.907296 0.386511 0.087041 0.100184
3 0.095724 0.889881 0.191449 0.220237
3 0.112459 0.624885 0.210592 0.212586
3 0.405092 0.854927 0.334143 0.259648
3 0.768592 0.761546 0.336163 0.200428
3 0.737204 0.965769 0.269327 0.059220
3 0.966311 0.694736 0.067378 0.160949
3 0.813148 0.529989 0.315908 0.150321
3 0.420281 0.604388 0.348316 0.177651
3 0.333204 0.365998 0.457673 0.299128
3 0.650138 0.257429 0.172112 0.106289
3 0.779745 0.331836 0.163980 0.179174
3 0.594439 0.457862 0.064796 0.115402
3 0.060832 0.441159 0.083031 0.148806
3 0.875934 0.218692 0.060786 0.040964
