0 0.836286 0.867827 0.322163 0.247207
0 0.511031 0.747031 0.301041 0.218929
0 0.628316 0.457269 0.257245 0.238179
0 0.879337 0.517360 0.232959 0.167865
0 0.741719 0.651764 0.105888 0.078263
0 0.815765 0.386339 0.108673 0.087307
0 0.563857 0.187506 0.113939 0.176542
0 0.708673 0.183588 0.097755 0.084698
0 0.687281 0.111324 0.070276 0.055532
0 0.805974 0.162226 0.085459 0.040581
0 0.664500 0.264744 0.081653 0.039158
0 0.642184 0.163301 0.042735 0.054116
0 0.483158 0.202441 0.049378 0.041301
0 0.532985 0.298202 0.084541 0.039158
0 0.924179 0.304591 0.139582 0.039174
0 0.755204 0.303191 0.196531 0.029181
0 0.914189 0.410685 0.079806 0.037728
0 0.448515 0.574070 0.080724 0.034170
