3 0.912372 0.569464 0.174153 0.113879
3 0.971097 0.331090 0.056704 0.107781
3 0.836434 0.192896 0.265276 0.189801
3 0.368643 0.222517 0.374633 0.267223
3 0.879969 0.785080 0.230857 0.253573
3 0.634918 0.129885 0.158000 0.100214
3 0.093245 0.252877 0.159959 0.306718
3 0.532673 0.870287 0.366531 0.256259
3 0.057791 0.469587 0.109357 0.099694
3 0.630888 0.591484 0.311857 0.173099
3 0.245138 0.657533 0.330133 0.195876
3 0.740245 0.381182 0.336163 0.141217
3 0.309918 0.440402 0.354388 0.162471
3 0.127663 0.903516 0.249082 0.186771
