2 0.124464 0.095543 0.074867 0.033979
2 0.256464 0.155367 0.090622 0.047276
1 0.019541 0.328577 0.039082 0.047207
1 0.377612 0.221106 0.128041 0.036932
1 0.209133 0.287586 0.122143 0.119625
2 0.143204 0.183435 0.104367 0.079770
2 0.040735 0.217410 0.080776 0.121125
1 0.362832 0.615513 0.713214 0.341232
1 0.199327 0.868852 0.390082 0.259985
1 0.906592 0.334124 0.181245 0.248202
1 0.421949 0.357743 0.228531 0.162494
1 0.550005 0.289055 0.157602 0.110780
1 0.725347 0.263940 0.185184 0.072379
1 0.759827 0.134671 0.198980 0.076840
2 0.196372 0.082988 0.061071 0.067950
