3 0.271480 0.259819 0.120837 0.031496
3 0.299796 0.292628 0.037755 0.036745
3 0.405561 0.252585 0.018878 0.027582
2 0.061893 0.308372 0.117071 0.120730
3 0.514117 0.244043 0.175582 0.062979
2 0.380056 0.295911 0.145398 0.106291
2 0.768051 0.738816 0.279408 0.175844
2 0.380051 0.518989 0.164265 0.106277
2 0.444250 0.614805 0.198255 0.122050
2 0.467847 0.780816 0.271898 0.209972
2 0.042296 0.566879 0.084592 0.099716
2 0.169515 0.643674 0.241684 0.148298
2 0.144969 0.816248 0.287000 0.188979
1 0.206352 0.313631 0.152908 0.086638
1 0.925153 0.469702 0.143776 0.374468
1 0.726990 0.488801 0.246837 0.320582
1 0.528112 0.453035 0.139694 0.215660
