1 0.777985 0.482565 0.127602 0.213238
2 0.655510 0.392966 0.132653 0.179211
2 0.353913 0.454190 0.198235 0.304027
2 0.587474 0.494476 0.124133 0.239320
2 0.126378 0.262531 0.098673 0.129306
2 0.039184 0.272170 0.077347 0.119088
1 0.700153 0.522265 0.074000 0.097537
2 0.502776 0.531347 0.060449 0.131592
1 0.481582 0.376878 0.060306 0.159197
2 0.143219 0.124476 0.031949 0.047592
2 0.405148 0.369224 0.065194 0.033959
1 0.435898 0.411973 0.029959 0.052517
1 0.521888 0.371122 0.017245 0.080340
2 0.811939 0.017531 0.045102 0.028340
