2 0.792531 0.772858 0.233265 0.164690
1 0.523500 0.326021 0.175388 0.177490
2 0.090148 0.468363 0.166847 0.097031
2 0.287673 0.477295 0.170265 0.104690
2 0.489444 0.470275 0.182194 0.108523
2 0.692071 0.482406 0.171980 0.104690
2 0.761883 0.389204 0.158357 0.079158
2 0.057852 0.590930 0.115704 0.125119
2 0.249347 0.613910 0.206000 0.145555
2 0.483485 0.603057 0.211133 0.134055
2 0.733786 0.604334 0.211143 0.134055
2 0.039117 0.751802 0.078235 0.112326
2 0.216990 0.791370 0.263980 0.194063
2 0.506474 0.762005 0.233276 0.194063
1 0.147199 0.222598 0.110684 0.090643
3 0.444311 0.127475 0.139643 0.081699
3 0.531990 0.196423 0.110714 0.079151
1 0.194862 0.139606 0.314969 0.075325
1 0.313235 0.296645 0.194143 0.231086
