1 0.580510 0.445065 0.835306 0.174292
2 0.071872 0.337927 0.140704 0.089839
2 0.269194 0.295069 0.216551 0.093137
2 0.114740 0.013799 0.061541 0.027598
1 0.422551 0.016067 0.178163 0.028003
1 0.240903 0.012701 0.175745 0.021576
1 0.435714 0.182842 0.057143 0.031025
1 0.687913 0.051373 0.092602 0.033979
1 0.595321 0.165126 0.155643 0.031033
1 0.553944 0.109721 0.226561 0.076825
1 0.338219 0.092731 0.173357 0.063504
1 0.125770 0.115639 0.251541 0.091568
1 0.754898 0.360096 0.403878 0.113764
1 0.603112 0.683615 0.793776 0.296917
1 0.678071 0.914055 0.632429 0.163963
