3 0.968250 0.396213 0.060786 0.071385
3 0.862980 0.342303 0.174122 0.024315
3 0.699944 0.954992 0.083031 0.083512
3 0.250362 0.419778 0.200520 0.088064
3 0.800163 0.432640 0.247020 0.086519
3 0.485286 0.474415 0.257184 0.133619
3 0.861939 0.601201 0.269388 0.177659
3 0.544010 0.650547 0.338184 0.176136
3 0.134969 0.565520 0.208633 0.109327
3 0.032571 0.450034 0.063020 0.064736
3 0.956112 0.967135 0.072898 0.062257
3 0.826480 0.936010 0.170102 0.118432
3 0.032694 0.680153 0.064816 0.068340
3 0.244286 0.809212 0.083061 0.113910
3 0.126857 0.894265 0.216694 0.074376
3 0.426531 0.199579 0.135714 0.054705
3 0.026612 0.298279 0.052653 0.160949
