3 0.544199 0.494422 0.031480 0.021879
3 0.330143 0.524780 0.111755 0.058525
3 0.241607 0.532972 0.068459 0.046511
2 0.084949 0.399521 0.029898 0.012021
2 0.113352 0.425791 0.015480 0.012660
2 0.074194 0.437816 0.040980 0.022780
2 0.168276 0.408816 0.024694 0.014298
3 0.659092 0.505106 0.147939 0.019149
3 0.437566 0.499617 0.118827 0.020241
3 0.612454 0.727518 0.770418 0.157447
3 0.857806 0.602447 0.280980 0.085887
3 0.567434 0.577291 0.394255 0.135106
3 0.330541 0.600535 0.095224 0.088617
3 0.271122 0.619131 0.075510 0.048135
