2 0.486311 0.216422 0.102398 0.051681
1 0.905648 0.482883 0.187724 0.103369
1 0.820929 0.424862 0.266959 0.071993
1 0.781888 0.370199 0.149898 0.037277
1 0.682000 0.451532 0.047469 0.088113
1 0.927832 0.657411 0.144337 0.057660
1 0.858107 0.762479 0.092643 0.093184
1 0.716102 0.785773 0.186490 0.048298
2 0.957092 0.748926 0.085816 0.093213
2 0.393056 0.262599 0.127990 0.061000
2 0.561281 0.270638 0.181622 0.063546
3 0.411362 0.571851 0.291296 0.162681
3 0.067628 0.442624 0.127908 0.100851
3 0.499133 0.508730 0.306020 0.290624
