3 0.953755 0.340034 0.092490 0.071362
3 0.291903 0.814537 0.295643 0.188279
3 0.210893 0.640677 0.243010 0.116917
3 0.184566 0.507816 0.214643 0.097177
3 0.168362 0.424308 0.198459 0.066809
3 0.158235 0.354457 0.133653 0.045547
3 0.148112 0.302831 0.125551 0.045555
3 0.700954 0.738615 0.303765 0.197399
3 0.539964 0.540463 0.232888 0.113887
3 0.391122 0.376473 0.141755 0.068324
3 0.332393 0.305868 0.133663 0.033405
3 0.955102 0.704453 0.083020 0.138179
3 0.837648 0.519966 0.253133 0.109327
3 0.639189 0.415953 0.208582 0.098699
3 0.758673 0.338516 0.204531 0.074399
3 0.519714 0.327884 0.139735 0.050107
3 0.452908 0.264874 0.139694 0.060735
3 0.860934 0.228428 0.271357 0.048592
3 0.819423 0.274740 0.095173 0.044032
3 0.534898 0.214770 0.137755 0.036427
3 0.386071 0.975486 0.245000 0.048600
