3 0.457454 0.172553 0.067949 0.107660
2 0.796378 0.043298 0.122755 0.032837
2 0.960031 0.040660 0.079939 0.030184
1 0.944633 0.524255 0.109469 0.133858
1 0.953418 0.654184 0.093163 0.128652
3 0.672806 0.193117 0.112143 0.059298
3 0.108434 0.186408 0.102378 0.057496
3 0.549087 0.195496 0.115806 0.051135
3 0.385765 0.189858 0.079286 0.055603
3 0.251653 0.186695 0.108490 0.053532
2 0.066429 0.467649 0.125510 0.349099
2 0.256531 0.569234 0.425510 0.226922
2 0.306633 0.504972 0.169184 0.159163
2 0.556429 0.383755 0.313265 0.177922
2 0.706949 0.589635 0.399837 0.232149
