2 0.546776 0.541511 0.177980 0.179617
2 0.566888 0.715213 0.218204 0.138936
2 0.830199 0.713085 0.225500 0.143191
1 0.680255 0.289032 0.137653 0.083028
1 0.948449 0.387316 0.093837 0.115227
2 0.364515 0.572858 0.176786 0.110142
3 0.743643 0.215323 0.093857 0.047440
3 0.850913 0.200496 0.125561 0.048227
3 0.948469 0.217872 0.096327 0.064397
3 0.634536 0.224227 0.117031 0.041504
2 0.842403 0.279706 0.147459 0.101681
2 0.529087 0.274628 0.137765 0.111837
2 0.909429 0.499996 0.154816 0.099979
2 0.955612 0.588532 0.088776 0.104213
2 0.769847 0.584723 0.190163 0.113532
2 0.315755 0.680887 0.188898 0.136383
