2 0.138362 0.517035 0.107622 0.073489
2 0.379097 0.515713 0.105745 0.039355
3 0.374388 0.361844 0.127551 0.041277
3 0.291214 0.363663 0.029367 0.022064
1 0.962117 0.260000 0.072602 0.044965
1 0.694413 0.414670 0.068010 0.044617
1 0.818097 0.280177 0.084969 0.017092
1 0.743520 0.463230 0.083082 0.028872
1 0.155372 0.391028 0.081153 0.044610
2 0.051480 0.386468 0.100102 0.064284
2 0.258265 0.381209 0.083082 0.059057
2 0.263929 0.499319 0.109510 0.095801
2 0.043015 0.517039 0.079296 0.112872
1 0.770699 0.387496 0.080439 0.036411
1 0.450852 0.742730 0.256806 0.356950
1 0.788878 0.711270 0.411633 0.296610
1 0.937041 0.524266 0.111429 0.074773
1 0.805806 0.527518 0.154878 0.057730
1 0.302612 0.703387 0.085020 0.110234
1 0.492398 0.462574 0.098184 0.103674
1 0.619827 0.461911 0.149122 0.073482
1 0.376270 0.454713 0.122745 0.074830
1 0.600020 0.402195 0.101959 0.045950
