1 0.373883 0.458639 0.050214 0.016871
2 0.806056 0.690367 0.223500 0.159782
1 0.556082 0.448238 0.132347 0.085293
1 0.663776 0.418361 0.080204 0.048966
1 0.671888 0.586946 0.044796 0.090190
1 0.432653 0.418367 0.050816 0.024571
1 0.565969 0.232449 0.098061 0.061633
1 0.034796 0.638408 0.060204 0.157823
1 0.296551 0.596884 0.230857 0.257116
1 0.125245 0.610952 0.114694 0.220544
1 0.517500 0.615374 0.206633 0.247075
1 0.632173 0.626190 0.030143 0.174558
1 0.712684 0.563388 0.036755 0.092218
2 0.790612 0.568320 0.117633 0.135279
