2 0.887393 0.558191 0.214806 0.069189
2 0.842770 0.434560 0.198153 0.048768
2 0.786801 0.491270 0.195133 0.064652
2 0.073566 0.480497 0.142194 0.083933
2 0.118469 0.614334 0.236939 0.174667
2 0.096536 0.759514 0.193071 0.113412
2 0.458551 0.712448 0.425061 0.159923
2 0.542500 0.445337 0.347918 0.043099
2 0.571245 0.492406 0.235980 0.041966
2 0.385949 0.585983 0.273816 0.093007
2 0.323918 0.507716 0.249592 0.054453
2 0.260383 0.451010 0.207235 0.036297
2 0.837480 0.708477 0.320673 0.190543
2 0.648383 0.578041 0.239010 0.108891
