2 0.692857 0.495762 0.122041 0.194054
1 0.492097 0.468333 0.102969 0.170571
1 0.560852 0.451190 0.037480 0.055850
1 0.843194 0.607503 0.100755 0.239143
1 0.746122 0.650177 0.088980 0.132327
1 0.777745 0.554109 0.024265 0.051946
2 0.585122 0.541857 0.100735 0.125483
2 0.586939 0.674190 0.192653 0.141143
2 0.324867 0.556054 0.116878 0.338231
2 0.425582 0.602143 0.083082 0.238218
2 0.136276 0.323327 0.086020 0.127469
2 0.045867 0.329748 0.087449 0.118544
2 0.423117 0.442932 0.063582 0.039823
2 0.171796 0.179871 0.024816 0.044068
